Fuzzy Clustering object of class 'fanny' :                      
m.ship.expon.      1.7
objective      33.5431
tolerance        1e-15
iterations         319
converged            1
maxit              500
n                   52
Membership coefficients (in %, rounded):
      [,1] [,2] [,3]
 [1,]   39   39   23
 [2,]   39   39   21
 [3,]   39   39   21
 [4,]   40   40   20
 [5,]   40   40   20
 [6,]   40   40   20
 [7,]   41   41   18
 [8,]   42   42   17
 [9,]   42   42   16
[10,]   41   41   19
[11,]   41   41   17
[12,]   42   42   16
[13,]   41   41   17
[14,]   42   42   16
[15,]   37   37   26
[16,]   41   41   18
[17,]   37   37   27
[18,]   40   40   20
[19,]   41   41   18
[20,]   38   38   24
[21,]   39   39   21
[22,]   40   40   19
[23,]   39   39   22
[24,]   40   40   20
[25,]   38   38   24
[26,]   35   35   29
[27,]   39   39   22
[28,]   38   38   25
[29,]   36   36   28
[30,]   37   37   27
[31,]   35   35   30
[32,]   35   35   31
[33,]   35   35   31
[34,]   27   27   45
[35,]   27   27   46
[36,]   31   31   38
[37,]   27   27   45
[38,]   31   31   38
[39,]   29   29   42
[40,]   31   31   39
[41,]   27   27   47
[42,]   29   29   42
[43,]   28   28   45
[44,]   24   24   52
[45,]   27   27   45
[46,]   25   25   50
[47,]   26   26   48
[48,]   24   24   52
[49,]   29   29   42
[50,]   28   28   45
[51,]   26   26   47
[52,]   25   25   51
Fuzzyness coefficients:
dunn_coeff normalized 
0.35647636 0.03471454 
Closest hard clustering:
 [1] 1 1 1 1 1 1 1 1 1 1 1 1 1 1 1 1 1 2 1 2 2 2 2 2 2 2 2 2 2 2 2 2 2 3
[35] 3 3 3 3 3 3 3 3 3 3 3 3 3 3 3 3 3 3

Silhouette plot information:
   cluster neighbor   sil_width
4        1        2  0.37029772
9        1        2  0.36345583
5        1        2  0.35331025
8        1        2  0.34772241
3        1        2  0.34283232
6        1        2  0.34138619
2        1        2  0.33301226
7        1        2  0.31368970
12       1        2  0.31148120
10       1        2  0.29963628
14       1        2  0.29229034
1        1        2  0.28773669
11       1        2  0.28297450
13       1        2  0.27025893
16       1        2  0.07307390
15       1        2  0.07001154
17       1        2  0.02953471
19       1        2 -0.25528037
32       2        1  0.38462904
33       2        1  0.38462904
29       2        1  0.38174556
23       2        1  0.36131042
21       2        1  0.35172914
27       2        1  0.32782231
24       2        1  0.31264110
22       2        1  0.29667858
31       2        1  0.29508213
28       2        1  0.29274549
25       2        1  0.27476443
30       2        1  0.27144844
18       2        1  0.21193822
20       2        1  0.19663686
26       2        1  0.18536901
48       3        2  0.31167922
44       3        2  0.29970505
52       3        2  0.29882094
47       3        2  0.28981653
46       3        2  0.26735251
51       3        2  0.23064973
35       3        2  0.19248902
34       3        2  0.13728978
50       3        2  0.13512121
41       3        2  0.12633326
45       3        2  0.09004199
37       3        2  0.06263682
43       3        2  0.02122177
49       3        2  0.02061062
42       3        2 -0.03919812
40       3        2 -0.06134528
39       3        2 -0.08685082
38       3        2 -0.09116074
36       3        2 -0.19806627
Average silhouette width per cluster:
[1] 0.2459680 0.3019446 0.1056393
Average silhouette width of total data set:
[1] 0.2108412

1326 dissimilarities, summarized :
   Min. 1st Qu.  Median    Mean 3rd Qu.    Max. 
 0.0000  2.1344  2.7689  2.8432  3.4801  5.2810 
Metric :  euclidean 
Number of objects : 52

Available components:
 [1] "membership"  "coeff"       "memb.exp"    "clustering" 
 [5] "k.crisp"     "objective"   "convergence" "diss"       
 [9] "call"        "silinfo"     "data"       
